13289.75
12543.85
11839.82
11175.3
10548.08
9956.06
9397.27
8869.84
8372.02
7902.13
7458.62
7040
6644.88
6271.93
5919.91
5587.65
5274.04
4978.03
4698.64
4434.92
4186.01
3951.07
3729.31
3520
3322.44
3135.96
2959.96
2793.83
2637.02
2489.02
2349.32
2217.46
2093
1975.53
1864.66
1760
1661.22
1567.98
1479.98
1396.91
1318.51
1244.51
1174.66
1108.73
1046.5
987.77
932.33
880
830.61
783.99
739.99
698.46
659.26
622.25
587.33
554.37
523.25
493.88
466.16
440
415.3
392
369.99
349.23
329.63
311.13
293.66
277.18
261.63
246.94
233.08
220
207.65
196
185
174.61
164.81
155.56
146.83
138.59
130.81
123.47
116.54
110
103.83
98
92.5
87.31
82.41
77.78
73.42
69.3
65.41
61.74
58.27
55
51.91
49
46.25
43.65
41.2
38.89
36.71
34.65
32.7
30.87
29.14
27.5

